4415541-4011114115, K. 015 451 4141451455 8155545 55 5515 8555145551. 144151
441455585415545155. 44 Α14 51. 855, 141. 5405 4545141. 6.00 55
Kr 6..40

- 015 55 8541515554. En 4455541455. 8555151511154 54 ,4555155454
4445541441.4 1818. 11 1414 51. 815. Κι.·. ...80

-· 0545 014 55 855 5141151 54151 054554ιί5555. 441 41514515, 851515-
5455 55 41551. 4455 441545411545, 31441 514815. 141. 4514, 415454·
5454 111. 5.15,1 85411455 141. 550, 4811411455 5155 145105144154141.
580. 4555. 4 1555184115 141. 645, i 45. 1554 0111451141 141, 450.

4518511, Η. 855144 4151551555 5511555 855145 45555141 85154555551
55 451515 45411511. 0555551 55 0515455. ,8451151555 1455555454 55

54555455“. 4451444545 45551. 415154554555145555. 855145554544555 .

051151, 1151551554 55 4151415555. 845455151451555454 ,14551.“
,4151555 851511455“. 855144 4151551555 55 ,4151454ιι ,8154555155155“
55 555,14555144514555115“. 0555551151454555. 84454 8445555, Af·
515145545045451515111515515555 1145151145. 44551451 4145. 1451145-
1155. 844515 8555 4445154451, Α5555 revidendo 1455515, 43141
414 51, 815. Κι. 5.00; 4555. Kr. 640.
81515 415 855144 1151551554 45545141815,“815415-85145455
14551555511848-48 415855515451 855145545551 14 1414 815
141.1,;00 4545. 441. 180.
15111558411115111151515.1.1151115 14445 851155 055155154114515
1451155, 41455455551551. ²¹! 51115015111155555115015.
44444101, Η. J. 815551411155 54 8545555454514555 1451455411 855415555551.
4454 1541 44555551 31 141454. 855. 141. 400.

4401501 51111145 45115 454141 1381. 145155 54551445 85155515115455 55 4444455 ε

1555 05451545415155 54 454 1155551455 1151545 145555455515 8515455
5454155 15511. Kayser 55 Ρ. Α. 145555. 1151515 8454. 4151555
41555 551515 555 4155555 85545555555 8553514555 ’4414155555 4 1463.
Α555ι 8455, 851545545555 55451 45551155555 8554555555 85555·
14555144, 4111 1463141 148014114551554 518555155551 141 1515 8454.
415445 8454. 855545545555 54151 44555 4155555 8554555555· 055
1480 454141 1381. 1-444 8454. 168 414 4 445. 4545. 8 Kr.

44011011 1515411004. 45155554 85151455 54 45145455 01554544545 551 Nor·
5555 05451 55 851551. 5154555145 4515518545815515115511145541505.
05545511 54 85455 85555. 3145 Α14 455154. 855. Κι. 8.00; 4545,
141. 960,

44048415 8444454851. 85151455 54 4155451551, 0111551515 55 45515555151, 155·
Ι45111155545 5451111455 154155 8144151551 4 8555514554 415155. 11454155
54151 15155515115455 54 455 1455551455 4151545 8554514555 05551455551
451 144145- 5505451545545551155555115411. 8455155555 1-3 8455.
161441 Α14 855. 41555518ιί5 Kr. 1400.

- 815155 8455. 41 Αι4 51. 815. 141, 8.00.

815511 51444444 50155415114 55 8555544555 411. 4155454 55141 4115445554 ’
481555555541545 5144 1114. 41 1414 855. 141. 840

88411184 5510, 145455 4451145, 81154515 55 0554515. 1808-1835. 81515
ο58144141455515454155 5411448, Α55511. 401414. 1454 85411151
5151458511115155115115554154151, 141,5.0;0 1555141. 6,45

841141, H. 0. 8155544545 55 455555451514545845155 141 455 451515 51151
8554514454515511555 4511545555 om 85151555558441Α14 815.
111. 1,40.

Thau. 055451, 85155554514414545141544 1 4511145451555415458555151·
541154 54 ,4455155454 4445541441 451 555 5155551454151551545 414145
44151555 044141451815. 411400.

44180405 4541 1145141411 451 455 5155551454 1541151541 144145 ι 415155. 04-
54154510, P. 0555514, 015151555555 558. 455551815555

 

