0010011, 0. Ρ. 1100101000 1000111100000101 30001100011130 Historia 110 001 010
10100001000 01 100111 10100030. 1100 0011131 1100130 1110100011130

03 100010000101001001101 010 01000 0100 Fortu 03 0011000110.
80111111 111131 01111001. 1100111. 11 11101. 810. 111. 100,

- 01101110 111000110301. 26111810. 5111, 10011101010100111.
0801001). 1 81111103 111. 010.

Codex 1110101118, 100 80101103 01001110110030803001. 0031100 0110101·
1001113 00100010110103 100 0. 11. 00301. 1111 111 11 810.
111. 010.

Dm, 100113. 1110000130010103111 000 001110 1111101 Historia i 001
011000010100001000. 80011000 1 0010110010 0010100010110 03 001
0101οὶ10031. 0101101101. 80101111 111131 01 3110010310111000111111
601 01 810. Kr. 180.

¹ 00111, 10001. 100010101000010301 00 0011310000 03 Religionem 8¹(2

11101. 810. 111. 1,80;1001). 111. 800.

0101000800. L. 000 001010 110011010110001, 0000 0011000100 03 00111·
1103. En 1010111113 000010030100. 1100 8011100011. 111101. 810.
111. 180; 10011. 111. 1100.

010100010110111 Narve· 1011111. 0101101011] 1100011011 010 1101300 10010 03
3010110110ὶά, 80103, 8103101, 80001, 1013110103 03 00110130031
0100010100100. 80101000 03 0031100 01 Chr. 110030, 0. R. 00301
0311. 1.·1101110101. 1-10011113 1811-1880. 01711101.
810. 11000101011111101111111000000 801010000101 100 111 (Fort-
1101100.)

1031811010. Κο11101101 00101 1100308030 110 8101010300 01 001101110 01101
1103300010εο 01 001110110οἀ0 10110001000. 0031101011010010001011·
0103 0100101000101010 0011031010 100 001 100301130 001010 01001110-
00110111101011). Α. 1100011 03 0, R. Unger. 1100 2 11111. Faeni-
milo-Artryk. 1110111111. 810. 111, 180.

1010110101. En 80101103 01 001010 110030-803001 01001οὼ10010 1010010
0000010301 om 803110000001 1 03 0000101110130 sumt 0000101.
0031100 01101 01100103 80100010110103 100 0001110001 1113100000
03011. 00301. 1-1110110. 18111101810. 111. 1100.

1008, 1111111101. 110110310001010100111110101010οε 10 110 0011103100 000
00311011 1003110300 and 0 1101 01 1110301111 Verba. 800000 0011100.
8110 1111810. 1001). Kr. 110.

0111100108, 010100. Hyrdebrev. 0110100310010030100 03 801101101000 00-
11000011010 01011011010000030031101 01 J. 8010110110. 1111131
01 310001031111100011111 101 000 0100301101-1011101010 Κῖτ101110130“.
801 111810. 111 080.

11811011, J. 0. 1100011310 om 11111101. 0100110001 111111110001010 flai-
00000101101. ,(00110101001 1 00. 10 11011010 00 010 pr. 110110)

- 81010001300 1οο 00 8330 8114 Α11810. 111. 185.

11330310. Estorladte 81111101, 0031100 100 0. 113311. 101110 01001
1101000000000 1100001110113100 03 0110101111 1 11100010100100.

Δ10001 8100. 101010 1110011031 110130181010· 03 801010110101031
0100010100100.

· Αο00οι1100110311101000000οο1 0111010111 i 01011000. 1011121111111

, 01. 810. 1. 0311. 0100000101111. 800. 10011111 1120.

·— 81101000 810000110301, 0031100 100 0. 113311. 1. 001 1101001100οο·
ne· Ηο11ο1001 03101100110310101. 1. 11010000000001101131000101·
10101031000000010000. 3. 0001310101 000 00101080010001010000
0011111031 0100010100100. 1. 1111101101-11010101010000110301οοιο-
30000001101301 0130110100 03 8103. 1100 1111031010101 1011110101
10110110100. 30“’0 111111. 810. 111. 1.00;1000. 111. 580.

111031110011101. 1111101130110001131001οΑ10010110000. 1011111111
810. Kr. 11101001. Kr. 880,

 

